#Accelerometer
accelerometer_noise_density: 0.0028791383294336638 
accelerometer_random_walk: 3.7034323768281484e-05 

#Gyroscope
gyroscope_noise_density: 0.00010396562877655102 
gyroscope_random_walk: 1.0168373050530108e-06 

rostopic: '/imu6/imu' 
update_rate: 40 

